<html>
<head><meta charset="utf-8" /></head>
<body>
    <div>                        <script type="text/javascript">window.PlotlyConfig = {MathJaxConfig: 'local'};</script>
        <script charset="utf-8" src="https://cdn.plot.ly/plotly-2.35.2.min.js"></script>                <div id="ccc72c27-4bc2-474b-95b1-fde14d3d063e" class="plotly-graph-div" style="height:400px; width:600px;"></div>            <script type="text/javascript">                                    window.PLOTLYENV=window.PLOTLYENV || {};                                    if (document.getElementById("ccc72c27-4bc2-474b-95b1-fde14d3d063e")) {                    Plotly.newPlot(                        "ccc72c27-4bc2-474b-95b1-fde14d3d063e",                        [{"coloraxis":"coloraxis","name":"0","x":["main-ingredient","dietary","easy","occasion","cuisine","low-in-something","main-dish","60-minutes-or-less","4-hours-or-less","meat","30-minutes-or-less","number-of-servings","vegetables","taste-mood","north-american","3-steps-or-less","vegetarian","equipment","beginner-cook","low-carb","15-minutes-or-less","low-sodium","desserts","inexpensive","healthy","low-cholesterol","low-calorie","american","dinner-party","5-ingredients-or-less"],"y":["main-ingredient","dietary","easy","occasion","cuisine","low-in-something","main-dish","60-minutes-or-less","4-hours-or-less","meat","30-minutes-or-less","number-of-servings","vegetables","taste-mood","north-american","3-steps-or-less","vegetarian","equipment","beginner-cook","low-carb","15-minutes-or-less","low-sodium","desserts","inexpensive","healthy","low-cholesterol","low-calorie","american","dinner-party","5-ingredients-or-less"],"z":[[17275,11099,9522,9983,8786,6147,7202,5625,4177,5814,4062,3599,5474,4697,4286,3019,3738,3786,3460,3344,2314,2954,2164,3311,2502,2555,2682,2895,2898,1993],[11099,15112,8988,8273,6915,8585,4583,4569,3352,2960,3495,3508,3942,3845,3374,3131,4484,3029,3130,4239,2863,4109,2478,2988,3889,3792,3543,2273,2145,2334],[9522,8988,13240,7145,5696,5145,3852,3504,2177,2941,3322,3314,3098,3384,2977,4787,2774,2519,4286,2563,3471,2552,1925,3058,2425,2470,2232,1971,1871,3287],[9983,8273,7145,12345,6766,4131,4244,3807,3064,3191,2745,3047,3342,5447,3684,2133,2940,3000,2927,1995,1984,2028,2344,2870,1801,1757,1660,2574,3318,1564],[8786,6915,5696,6766,10493,3621,4270,3316,2612,3171,2327,2224,3002,3306,5013,1895,2610,2329,2042,1918,1619,1682,1306,2170,1525,1576,1526,3333,2063,1116],[6147,8585,5145,4131,3621,8585,2532,2441,1933,1862,1874,1874,2135,1812,1722,1973,1655,1612,1675,4239,1788,4109,1249,1557,3448,3792,3543,1146,1107,1654],[7202,4583,3852,4244,4270,2532,8037,2875,2286,4478,1793,1268,1954,2291,1922,1059,1050,1950,1397,1780,350,906,4,1537,851,761,1034,1272,1355,471],[5625,4569,3504,3807,3316,2441,2875,7759,9,1924,7,1354,1995,1748,1588,948,1364,1245,1053,1159,3,1098,1453,1206,1028,960,966,1082,1039,572],[4177,3352,2177,3064,2612,1933,2286,9,5865,1793,1,1063,1246,1388,1269,647,864,1138,659,922,2,887,1081,840,849,784,723,891,890,371],[5814,2960,2941,3191,3171,1862,4478,1924,1793,5814,1142,916,1118,1728,1525,826,7,1556,1118,1529,282,607,6,1091,434,390,657,1044,937,414],[4062,3495,3322,2745,2327,1874,1793,7,1,1142,5645,1212,1363,1158,1064,1045,1084,788,1122,949,7,901,806,995,895,835,764,698,694,669],[3599,3508,3314,3047,2224,1874,1268,1354,1063,916,1212,5595,932,1406,1126,1233,1070,1031,1177,860,1697,1052,1283,1024,950,894,780,750,753,1155],[5474,3942,3098,3342,3002,2135,1954,1995,1246,1118,1363,932,5474,1546,1387,1019,1978,1226,1087,1248,643,1059,100,1194,918,1269,1405,968,986,516],[4697,3845,3384,5447,3306,1812,2291,1748,1388,1728,1158,1406,1546,5447,1838,860,1325,1884,1628,872,824,862,1046,1589,779,765,736,1295,1366,641],[4286,3374,2977,3684,5013,1722,1922,1588,1269,1525,1064,1126,1387,1838,5013,933,1123,1248,1223,889,756,777,758,1242,732,729,719,3333,955,592],[3019,3131,4787,2133,1895,1973,1059,948,647,826,1045,1233,1019,860,933,4787,1009,779,1200,968,1882,983,487,768,985,1051,924,611,505,1146],[3738,4484,2774,2940,2610,1655,1050,1364,864,7,1084,1070,1978,1325,1123,1009,4484,1024,1040,622,1019,939,672,1059,919,1122,833,745,772,666],[3786,3029,2519,3000,2329,1612,1950,1245,1138,1556,788,1031,1226,1884,1248,779,1024,4424,1148,832,534,747,641,975,743,702,693,881,865,520],[3460,3130,4286,2927,2042,1675,1397,1053,659,1118,1122,1177,1087,1628,1223,1200,1040,1148,4286,853,1225,795,651,1624,771,765,725,870,830,970],[3344,4239,2563,1995,1918,4239,1780,1159,922,1529,949,860,1248,872,889,968,622,832,853,4239,876,1634,51,709,1039,1416,2191,601,616,766],[2314,2863,3471,1984,1619,1788,350,3,2,282,7,1697,643,824,756,1882,1019,534,1225,876,4179,1009,549,798,865,962,844,445,505,1476],[2954,4109,2552,2028,1682,4109,906,1098,887,607,901,1052,1059,862,777,983,939,747,795,1634,1009,4109,924,719,1836,1977,1922,503,523,1025],[2164,2478,1925,2344,1306,1249,4,1453,1081,6,806,1283,100,1046,758,487,672,641,651,51,549,924,4054,543,497,323,163,515,595,620],[3311,2988,3058,2870,2170,1557,1537,1206,840,1091,995,1024,1194,1589,1242,768,1059,975,1624,709,798,719,543,4041,768,797,700,858,658,709],[2502,3889,2425,1801,1525,3448,851,1028,849,434,895,950,918,779,732,985,919,743,771,1039,865,1836,497,768,3889,2775,1989,455,384,885],[2555,3792,2470,1757,1576,3792,761,960,784,390,835,894,1269,765,729,1051,1122,702,765,1416,962,1977,323,797,2775,3792,2428,447,394,869],[2682,3543,2232,1660,1526,3543,1034,966,723,657,764,780,1405,736,719,924,833,693,725,2191,844,1922,163,700,1989,2428,3543,461,400,717],[2895,2273,1971,2574,3333,1146,1272,1082,891,1044,698,750,968,1295,3333,611,745,881,870,601,445,503,515,858,455,447,461,3333,638,394],[2898,2145,1871,3318,2063,1107,1355,1039,890,937,694,753,986,1366,955,505,772,865,830,616,505,523,595,658,384,394,400,638,3318,348],[1993,2334,3287,1564,1116,1654,471,572,371,414,669,1155,516,641,592,1146,666,520,970,766,1476,1025,620,709,885,869,717,394,348,3287]],"type":"heatmap","xaxis":"x","yaxis":"y","hovertemplate":"tags: %{x}\u003cbr\u003etags: %{y}\u003cbr\u003ecolor: %{z}\u003cextra\u003e\u003c\u002fextra\u003e"}],                        {"template":{"data":{"barpolar":[{"marker":{"line":{"color":"white","width":0.5},"pattern":{"fillmode":"overlay","size":10,"solidity":0.2}},"type":"barpolar"}],"bar":[{"error_x":{"color":"rgb(36,36,36)"},"error_y":{"color":"rgb(36,36,36)"},"marker":{"line":{"color":"white","width":0.5},"pattern":{"fillmode":"overlay","size":10,"solidity":0.2}},"type":"bar"}],"carpet":[{"aaxis":{"endlinecolor":"rgb(36,36,36)","gridcolor":"white","linecolor":"white","minorgridcolor":"white","startlinecolor":"rgb(36,36,36)"},"baxis":{"endlinecolor":"rgb(36,36,36)","gridcolor":"white","linecolor":"white","minorgridcolor":"white","startlinecolor":"rgb(36,36,36)"},"type":"carpet"}],"choropleth":[{"colorbar":{"outlinewidth":1,"tickcolor":"rgb(36,36,36)","ticks":"outside"},"type":"choropleth"}],"contourcarpet":[{"colorbar":{"outlinewidth":1,"tickcolor":"rgb(36,36,36)","ticks":"outside"},"type":"contourcarpet"}],"contour":[{"colorbar":{"outlinewidth":1,"tickcolor":"rgb(36,36,36)","ticks":"outside"},"colorscale":[[0.0,"#440154"],[0.1111111111111111,"#482878"],[0.2222222222222222,"#3e4989"],[0.3333333333333333,"#31688e"],[0.4444444444444444,"#26828e"],[0.5555555555555556,"#1f9e89"],[0.6666666666666666,"#35b779"],[0.7777777777777778,"#6ece58"],[0.8888888888888888,"#b5de2b"],[1.0,"#fde725"]],"type":"contour"}],"heatmapgl":[{"colorbar":{"outlinewidth":1,"tickcolor":"rgb(36,36,36)","ticks":"outside"},"colorscale":[[0.0,"#440154"],[0.1111111111111111,"#482878"],[0.2222222222222222,"#3e4989"],[0.3333333333333333,"#31688e"],[0.4444444444444444,"#26828e"],[0.5555555555555556,"#1f9e89"],[0.6666666666666666,"#35b779"],[0.7777777777777778,"#6ece58"],[0.8888888888888888,"#b5de2b"],[1.0,"#fde725"]],"type":"heatmapgl"}],"heatmap":[{"colorbar":{"outlinewidth":1,"tickcolor":"rgb(36,36,36)","ticks":"outside"},"colorscale":[[0.0,"#440154"],[0.1111111111111111,"#482878"],[0.2222222222222222,"#3e4989"],[0.3333333333333333,"#31688e"],[0.4444444444444444,"#26828e"],[0.5555555555555556,"#1f9e89"],[0.6666666666666666,"#35b779"],[0.7777777777777778,"#6ece58"],[0.8888888888888888,"#b5de2b"],[1.0,"#fde725"]],"type":"heatmap"}],"histogram2dcontour":[{"colorbar":{"outlinewidth":1,"tickcolor":"rgb(36,36,36)","ticks":"outside"},"colorscale":[[0.0,"#440154"],[0.1111111111111111,"#482878"],[0.2222222222222222,"#3e4989"],[0.3333333333333333,"#31688e"],[0.4444444444444444,"#26828e"],[0.5555555555555556,"#1f9e89"],[0.6666666666666666,"#35b779"],[0.7777777777777778,"#6ece58"],[0.8888888888888888,"#b5de2b"],[1.0,"#fde725"]],"type":"histogram2dcontour"}],"histogram2d":[{"colorbar":{"outlinewidth":1,"tickcolor":"rgb(36,36,36)","ticks":"outside"},"colorscale":[[0.0,"#440154"],[0.1111111111111111,"#482878"],[0.2222222222222222,"#3e4989"],[0.3333333333333333,"#31688e"],[0.4444444444444444,"#26828e"],[0.5555555555555556,"#1f9e89"],[0.6666666666666666,"#35b779"],[0.7777777777777778,"#6ece58"],[0.8888888888888888,"#b5de2b"],[1.0,"#fde725"]],"type":"histogram2d"}],"histogram":[{"marker":{"line":{"color":"white","width":0.6}},"type":"histogram"}],"mesh3d":[{"colorbar":{"outlinewidth":1,"tickcolor":"rgb(36,36,36)","ticks":"outside"},"type":"mesh3d"}],"parcoords":[{"line":{"colorbar":{"outlinewidth":1,"tickcolor":"rgb(36,36,36)","ticks":"outside"}},"type":"parcoords"}],"pie":[{"automargin":true,"type":"pie"}],"scatter3d":[{"line":{"colorbar":{"outlinewidth":1,"tickcolor":"rgb(36,36,36)","ticks":"outside"}},"marker":{"colorbar":{"outlinewidth":1,"tickcolor":"rgb(36,36,36)","ticks":"outside"}},"type":"scatter3d"}],"scattercarpet":[{"marker":{"colorbar":{"outlinewidth":1,"tickcolor":"rgb(36,36,36)","ticks":"outside"}},"type":"scattercarpet"}],"scattergeo":[{"marker":{"colorbar":{"outlinewidth":1,"tickcolor":"rgb(36,36,36)","ticks":"outside"}},"type":"scattergeo"}],"scattergl":[{"marker":{"colorbar":{"outlinewidth":1,"tickcolor":"rgb(36,36,36)","ticks":"outside"}},"type":"scattergl"}],"scattermapbox":[{"marker":{"colorbar":{"outlinewidth":1,"tickcolor":"rgb(36,36,36)","ticks":"outside"}},"type":"scattermapbox"}],"scatterpolargl":[{"marker":{"colorbar":{"outlinewidth":1,"tickcolor":"rgb(36,36,36)","ticks":"outside"}},"type":"scatterpolargl"}],"scatterpolar":[{"marker":{"colorbar":{"outlinewidth":1,"tickcolor":"rgb(36,36,36)","ticks":"outside"}},"type":"scatterpolar"}],"scatter":[{"fillpattern":{"fillmode":"overlay","size":10,"solidity":0.2},"type":"scatter"}],"scatterternary":[{"marker":{"colorbar":{"outlinewidth":1,"tickcolor":"rgb(36,36,36)","ticks":"outside"}},"type":"scatterternary"}],"surface":[{"colorbar":{"outlinewidth":1,"tickcolor":"rgb(36,36,36)","ticks":"outside"},"colorscale":[[0.0,"#440154"],[0.1111111111111111,"#482878"],[0.2222222222222222,"#3e4989"],[0.3333333333333333,"#31688e"],[0.4444444444444444,"#26828e"],[0.5555555555555556,"#1f9e89"],[0.6666666666666666,"#35b779"],[0.7777777777777778,"#6ece58"],[0.8888888888888888,"#b5de2b"],[1.0,"#fde725"]],"type":"surface"}],"table":[{"cells":{"fill":{"color":"rgb(237,237,237)"},"line":{"color":"white"}},"header":{"fill":{"color":"rgb(217,217,217)"},"line":{"color":"white"}},"type":"table"}]},"layout":{"annotationdefaults":{"arrowhead":0,"arrowwidth":1},"autotypenumbers":"strict","coloraxis":{"colorbar":{"outlinewidth":1,"tickcolor":"rgb(36,36,36)","ticks":"outside"}},"colorscale":{"diverging":[[0.0,"rgb(103,0,31)"],[0.1,"rgb(178,24,43)"],[0.2,"rgb(214,96,77)"],[0.3,"rgb(244,165,130)"],[0.4,"rgb(253,219,199)"],[0.5,"rgb(247,247,247)"],[0.6,"rgb(209,229,240)"],[0.7,"rgb(146,197,222)"],[0.8,"rgb(67,147,195)"],[0.9,"rgb(33,102,172)"],[1.0,"rgb(5,48,97)"]],"sequential":[[0.0,"#440154"],[0.1111111111111111,"#482878"],[0.2222222222222222,"#3e4989"],[0.3333333333333333,"#31688e"],[0.4444444444444444,"#26828e"],[0.5555555555555556,"#1f9e89"],[0.6666666666666666,"#35b779"],[0.7777777777777778,"#6ece58"],[0.8888888888888888,"#b5de2b"],[1.0,"#fde725"]],"sequentialminus":[[0.0,"#440154"],[0.1111111111111111,"#482878"],[0.2222222222222222,"#3e4989"],[0.3333333333333333,"#31688e"],[0.4444444444444444,"#26828e"],[0.5555555555555556,"#1f9e89"],[0.6666666666666666,"#35b779"],[0.7777777777777778,"#6ece58"],[0.8888888888888888,"#b5de2b"],[1.0,"#fde725"]]},"colorway":["#1F77B4","#FF7F0E","#2CA02C","#D62728","#9467BD","#8C564B","#E377C2","#7F7F7F","#BCBD22","#17BECF"],"font":{"color":"rgb(36,36,36)"},"geo":{"bgcolor":"white","lakecolor":"white","landcolor":"white","showlakes":true,"showland":true,"subunitcolor":"white"},"hoverlabel":{"align":"left"},"hovermode":"closest","mapbox":{"style":"light"},"paper_bgcolor":"white","plot_bgcolor":"white","polar":{"angularaxis":{"gridcolor":"rgb(232,232,232)","linecolor":"rgb(36,36,36)","showgrid":false,"showline":true,"ticks":"outside"},"bgcolor":"white","radialaxis":{"gridcolor":"rgb(232,232,232)","linecolor":"rgb(36,36,36)","showgrid":false,"showline":true,"ticks":"outside"}},"scene":{"xaxis":{"backgroundcolor":"white","gridcolor":"rgb(232,232,232)","gridwidth":2,"linecolor":"rgb(36,36,36)","showbackground":true,"showgrid":false,"showline":true,"ticks":"outside","zeroline":false,"zerolinecolor":"rgb(36,36,36)"},"yaxis":{"backgroundcolor":"white","gridcolor":"rgb(232,232,232)","gridwidth":2,"linecolor":"rgb(36,36,36)","showbackground":true,"showgrid":false,"showline":true,"ticks":"outside","zeroline":false,"zerolinecolor":"rgb(36,36,36)"},"zaxis":{"backgroundcolor":"white","gridcolor":"rgb(232,232,232)","gridwidth":2,"linecolor":"rgb(36,36,36)","showbackground":true,"showgrid":false,"showline":true,"ticks":"outside","zeroline":false,"zerolinecolor":"rgb(36,36,36)"}},"shapedefaults":{"fillcolor":"black","line":{"width":0},"opacity":0.3},"ternary":{"aaxis":{"gridcolor":"rgb(232,232,232)","linecolor":"rgb(36,36,36)","showgrid":false,"showline":true,"ticks":"outside"},"baxis":{"gridcolor":"rgb(232,232,232)","linecolor":"rgb(36,36,36)","showgrid":false,"showline":true,"ticks":"outside"},"bgcolor":"white","caxis":{"gridcolor":"rgb(232,232,232)","linecolor":"rgb(36,36,36)","showgrid":false,"showline":true,"ticks":"outside"}},"title":{"x":0.5,"xanchor":"center"},"xaxis":{"automargin":true,"gridcolor":"rgb(232,232,232)","linecolor":"rgb(36,36,36)","showgrid":true,"showline":true,"ticks":"outside","title":{"standoff":15},"zeroline":false,"zerolinecolor":"rgb(36,36,36)"},"yaxis":{"automargin":true,"gridcolor":"rgb(232,232,232)","linecolor":"rgb(36,36,36)","showgrid":true,"showline":true,"ticks":"outside","title":{"standoff":15},"zeroline":false,"zerolinecolor":"rgb(36,36,36)"},"autosize":true,"height":400,"margin":{"b":30,"l":30,"r":30,"t":30},"width":600}},"xaxis":{"anchor":"y","domain":[0.0,1.0],"scaleanchor":"y","constrain":"domain","title":{"text":"tags"}},"yaxis":{"anchor":"x","domain":[0.0,1.0],"autorange":"reversed","constrain":"domain","title":{"text":"tags"}},"coloraxis":{"colorscale":[[0.0,"#440154"],[0.1111111111111111,"#482878"],[0.2222222222222222,"#3e4989"],[0.3333333333333333,"#31688e"],[0.4444444444444444,"#26828e"],[0.5555555555555556,"#1f9e89"],[0.6666666666666666,"#35b779"],[0.7777777777777778,"#6ece58"],[0.8888888888888888,"#b5de2b"],[1.0,"#fde725"]]},"title":{"text":"Tag Co-occurrence (Top 30 Tags)"}},                        {"responsive": true}                    )                };                            </script>        </div>
</body>
</html>